1854
417
818
748
447
1080
1060
1532
269
533
329
941
1718
119
1056
1371
323
1832
1783
1458
1002
1563
1505
1044
1488
961
530
503
140
1352
1815
457
1894
785
1058
768
1134
1500
1267
867
57
898
947
1006
725
1151
586
870
1550
58
1120
1226
1482
290
1153
1153
638
151
121
790
1492
929
654
1869
404
1857
477
17
1071
1283
541
1179
490
156
128
241
1255
1094
56
25
816
1573
806
264
205
965
1389
651
213
1954
437
97
96
484
1196
419
1707
629
999
609
1925
480
246
1435
454
1319
1013
264
1920
353
1822
1958
1293
878
1004
1663
680
1704
1867
645
248
489
1499
394
278
627
436
1998
351
1376
1635
981
1237
102
1586
1540
337
1942
1141
584
1123
290
113
1492
746
953
567
581
1150
368
318
163
1322
414
1631
806
184
724
938
866
1877
1127
165
1937
1859
683
229
1884
1949
782
53
1478
1525
1455
627
1684
1978
1801
1450
1805
1077
1680
1722
794
114
1126
68
777
1019
1322
993
1716
1216
78
1747
1849
1043
1827
1475
1078
336
1379
104
20
554
315
1545
588
161
1667
1338
1994
863
731
819
1053
1745
1956
31
951
163
473
1583
1320
1940
1720
1582
1793
985
112
624
567
1309
280
211
1559
1830
1146
1544
368
1811
410
1227
1809
1153
567
1549
512
1021
221
1763
1220
596
1061
1495
1936
422
618
1596
1485
312
344
480
34
1705
1250
218
803
397
1968
290
1203
1477
1908
1216
823
79
727
76
1528
809
1461
1813
1188
1745
498
1117
1586
1912
599
1153
1265
678
1741
1463
1084
775
1173
1728
699
1106
1633
1820
1577
186
1667
685
1966
1245
480
500
1800
9
1584
152
987
399
1668
741
1858
704
1540
1664
1008
53
533
1209
424
59
180
1785
117
106
1778
747
167
902
1467
1255
891
494
1236
633
53
210
1313
832
1565
1506
1168
1779
1635
1154
1621
542
1312
313
195
1018
1210
1577
884
442
132
649
53
769
1520
1389
161
722
1090
119
9
1039
1842
1095
428
19
1789
814
1033
1195
473
784
1470
686
1491
584
923
494
1655
853
1368
583
763
1186
96
596
873
900
1497
129
983
1148
881
730
1780
1484
311
371
209
807
1890
1553
25
608
130
1429
1502
1332
625
1385
1794
724
102
1507
1504
1435
1254
166
1461
46
103
1112
1725
593
98
255
1182
1014
1332
452
1627
1536
1586
1577
1334
1766
1622
1606
1734
1058
794
1263
1056
809
608
1730
1461
950
811
1117
264
1551
1198
1324
1434
553
239
1776
1540
1912
1144
1675
1152
1694
58
1975
1365
1844
509
326
1661
790
969
516
212
1289
890
825
1295
1336
1380
604
1415
1708
227
1
1201
634
1532
1970
827
1414
1926
1899
484
1285
1935
831
345
1520
1228
1497
1784
820
1713
1901
611
470
1433
1772
306
1893
915
1478
869
840
1289
1386
1877
438
1550
617
1398
516
419
1881
956
1480
1958
149
1270
61
423
306
1371
1952
184
1980
143
1126
657
1886
1426
1840
478
1713
1446
471
661
412
764
1506
279
473
601
71
1971
249
938
1485
1
1133
1297
1263
1874
1797
186
397
577
886
15
269
1078
1076
1955
575
391
880
431
1725
1227
1882
1896
1921
749
727
521
977
665
733
354
1174
1062
860
349
1307
1248
935
264
608
97
576
1908
989
1147
1265
905
1204
1316
230
1652
447
1071
1561
462
1993
1507
325
538
1609
874
652
1674
856
1528
1332
1727
1876
742
1356
1083
1981
154
1740
1940
1500
37
1146
200
468
312
1721
1064
1424
500
172
946
1676
1117
409
1263
624
1482
1624
949
1639
1947
1930
874
366
1191
1831
1590
1495
513
1807
1251
717
343
450
852
290
1111
860
463
741
1230
840
456
127
1455
501
940
540
236
1318
983
678
1507
242
1090
541
424
140
588
1060
299
190
212
565
1254
494
976
1012
1846
1571
1645
1600
131
1552
1188
1814
1373
1454
741
816
421
1545
1139
1147
405
1457
700
1094
1085
528
323
550
427
27
907
470
822
1762
1970
1900
1815
1105
1863
855
1109
361
1722
1828
220
1913
655
160
952
677
447
152
1348
153
1387
1244
697
1159
1005
610
1845
476
1597
1766
810
1777
524
1695
880
1804
1265
1709
985
551
638
335
206
120
270
1
1611
656
1581
658
3
1936
1764
483
145
1156
1023
1739
1421
1491
1325
1800
1832
1999
803
1137
724
311
574
551
210
1004
483
809
505
1249
1316
1766
176
1243
850
1484
232
648
1514
1936
1801
1644
77
199
472
1158
1807
433
929
1489
812
1525
1559
1398
626
1127
1093
783
1711
247
1488
1719
1000
387
811
1949
946
1308
1910
1430
417
230
1476
722
1659
440
1992
919
296
1764
1932
1594
681
1153
941
669
1329
611
1238
898
500
1740
583
1853
1083
316
1297
599
1809
372
1409
1583
62
1561
1447
795
1741
467
1123
540
59
837
603
223
575
935
26
96
481
1374
1656
1242
1960
670
1330
361
467
1414
566
1696
611
457
334
821
564
509
118
1722
1991
1612
1131
1080
1853
760
787
676
1442
1804
51
1731
1651
637
1504
586
1917
1039
165
445
1412
1588
734
1545
444
1727
431
1790
1144
1991
517
1492
493
999
1462
1598
1713
434
663
1004
566
1891
1786
1434
1101
1955
1026
566
792
244
533
671
1825
10
380
697
832
298
170
445
1709
778
1319
252
866
1479
120
1524
1372
822
1980
1100
1614
1106
1221
1241
946
1636
1473
1331
1133
97
1893
882
622
253
85
98
1187
573
1970
933
775
282
1296
567
668
977
355
989
1601
1128
1878
1607
1008
1163
679
565
1591
1108
1234
453
624
409
1352
874
207
480
748
1144
664
1837
1563
1516
971
428
405
1385
893
1289
1340
1997
404
1628
40
1042
910
1827
1348
1936
1695
1288
697
1519
773
242
84
938
137
1207
1687
1216
1333
190
713
1573
412
1026
1002
229
1931
179
1256
1448
1786
1815
1607
16
190
606
1008
1919
1534
531
1209
1862
1184
1822
1181
808
144
934
1399
46
1260
628
1840
3
1311
1650
1587
1807
1448
1875
1194
641
902
1324
1783
1446
578
1360
1872
678
1193
1065
1127
317
1973
258
1941
1655
1287
1234
707
629
1267
354
229
956
215
192
83
1324
1081
1212
405
510
1069
1231
75
1031
1280
1308
1398
265
723
655
1367
1897
487
386
1841
603
1634
766
317
1913
1372
1518
139
467
1369
30
943
80
1170
179
383
642
466
949
344
552
426
1191
856
1901
1153
1912
636
717
44
1409
582
1944
1606
46
170
383
892
1546
629
908
1464
1298
1787
830
1127
1276
1804
609
1625
1025
146
1196
1093
1701
41
324
390
1080
1467
1134
614
324
39
1570
550
1494
397
1419
7
1370
1161
810
1512
528
1514
1099
1964
1995
1358
847
855
839
108
760
53
1306
333
915
567
1651
743
1024
475
431
1368
1053
1926
235
1115
1552
385
1012
1498
739
1294
970
417
586
453
579
283
560
1391
1020
715
1471
846
585
728
1759
1111
1086
566
1029
1805
1686
829
589
1835
1120
1240
851
222
1530
1389
1594
1149
838
596
767
1446
665
1829
1640
1654
1586
1730
1686
1236
72
1502
714
890
140
1017
1604
1009
141
410
1350
1448
1674
616
199
98
802
1844
1667
585
807
134
128
418
1681
194
1723
1711
575
71
449
1930
953
36
1082
1509
1649
807
1071
523
759
4
1292
1026
1739
1742
945
1248
1662
1605
1314
1063
1313
524
46
879
1647
629
93
1310
1799
1612
1203
742
1873
1197
977
731
1089
978
666
1695
1545
1421
371
300
1401
1646
612
1134
1410
498
251
874
1001
1497
672
111
919
1010
1778
360
1564
1813
1792
1306
947
364
1653
576
1665
495
362
1969
583
1275
1567
1979
776
1710
869
702
852
1633
242
87
498
1682
1095
1911
1740
701
1550
32
996
1911
317
1596
1173
663
1176
1209
452
1970
131
1973
1333
401
1668
1490
202
336
855
1430
582
1189
283
1121
976
1275
1642
1420
387
1947
6
315
610
1574
1982
46
1161
1
1408
1370
494
654
8
1614
599
131
1863
917
1125
1577
527
1704
221
338
1770
1613
1112
1464
1147
1760
1120
895
364
188
1547
1606
1094
661
564
1503
223
709
420
1240
1230
194
1104
1013
1386
1289
1612
956
1712
1801
1133
1821
51
1742
940
1516
1774
552
135
1628
885
1895
945
1226
1578
550
714
99
1851
1745
361
1091
56
4
981
1659
1922
577
211
1838
1071
445
1498
888
1482
904
466
1212
1528
936
747
424
5
1489
1034
455
1949
83
62
1571
1399
1823
1633
1636
1611
55
1626
1338
1283
65
319
1699
1120
1608
1575
1369
404
1200
350
939
1708
1636
1617
534
1905
1821
1417
1072
84
673
838
449
1142
821
1424
1375
1818
2000
1410
1876
1266
190
1251
1998
1974
542
505
1283
1027
617
978
190
303
1311
925
1435
1275
864
19
1754
98
691
740
499
1710
1687
651
1863
650
1123
1059
831
1841
1676
995
900
1989
867
116
986
188
920
932
425
85
1119
531
249
280
1069
523
1177
1500
303
317
988
1266
711
709
962
1582
469
1343
910
342
1454
1427
1833
1474
75
1212
1682
1011
1344
55
1167
529
855
423
1989
477
56
1877
721
1381
328
1972
369
758
876
1043
353
491
1448
1627
1253
1107
1992
984
1472
1057
793
165
1423
493
1349
272
1286
200
1194
924
676
348
102
293
789
1250
1425
303
452
701
695
183
1867
868
1345
1195
969
589
1870
853
750
421
115
1394
166
1644
12
1489
799
957
333
727
1865
971
139
496
1658
886
16
64
1403
973
1438
1623
1346
1182
371
1314
44
217
357
142
471
290
795
744
905
853
1992
416
577
1924
965
1612
1816
348
665
745
1491
262
519
1932
56
9
773
678
507
556
1492
1142
996
713
417
1400
1934
542
999
1803
1646
157
142
1761
1742
579
1764
1231
309
1765
1174
1828
1685
1894
1868
23
1521
549
558
777
937
483
503
1417
1539
1827
1589
758
296
506
1081
175
1080
1078
113
1638
490
299
751
1172
805
1400
1430
1350
1748
1017
97
964
1513
1733
1424
1794
1841
263
655
832
111
922
597
1836
1288
813
1862
119
635
678
533
661
859
802
1754
1550
1658
1835
1612
1521
1971
675
1323
1193
804
1501
652
1815
631
235
1410
1358
411
513
1717
270
1732
1304
882
425
475
575
127
401
1251
1868
1081
66
1866
1409
316
1308
231
1209
1278
1576
1702
401
984
1883
1854
1811
1378
249
92
78
282
1297
1645
1906
1905
535
1741
775
290
1071
1863
61
368
52
1623
1005
1771
888
1284
671
286
1670
1572
885
1080
179
1915
1636
1524
1475
708
915
1000
1960
1322
860
1943
1205
867
1056
131
465
1274
391
1875
1575
471
1509
908
491
1245
1272
1503
1766
161
13
1119
