224
1795
513
297
7
303
124
327
871
832
1760
571
69
120
67
1578
1591
275
1696
1188
1079
819
1611
1342
1364
1256
1635
558
451
748
416
1410
1058
1512
1403
1166
1517
1574
29
32
1530
1205
704
1073
142
514
465
1051
1362
1498
1399
497
1473
1416
1646
1600
1240
172
1196
832
640
1147
116
406
520
1213
1529
1530
1290
903
1818
735
1408
1637
1980
1332
272
1764
1637
1607
355
537
1956
321
883
1346
623
2
866
1399
1988
617
1256
347
929
927
516
1749
15
417
1779
1190
1176
969
31
1078
1465
1352
430
1680
1747
466
1692
166
1084
165
611
1122
1170
1543
566
635
480
252
1197
304
745
97
667
1492
1264
1768
619
70
1850
800
281
1355
60
95
1277
1834
94
1327
1825
36
369
1299
1412
127
780
1061
1592
1566
978
1421
565
62
1824
1024
1808
1102
242
1106
1047
172
693
1881
1795
1192
71
256
624
1576
571
372
1384
1528
1352
1183
1163
379
1873
94
1883
418
1071
1617
564
472
363
15
9
1144
1640
292
505
1691
1260
520
561
1538
1055
1564
715
1180
1485
323
1683
836
886
411
1850
379
1556
1672
132
1229
268
987
1132
2
973
1348
88
164
1574
1121
423
1128
612
1697
1590
155
825
1049
722
554
1336
1090
1783
1790
157
1310
1719
1538
458
373
1591
690
123
928
947
1490
1563
1073
242
1400
704
1245
1700
343
1377
215
392
1769
391
1243
1465
1544
609
595
8
425
1474
1625
614
437
1478
442
296
1221
1922
3
669
1162
904
139
875
871
1770
221
1605
939
1254
816
1513
1710
1599
740
885
1784
220
1596
138
1176
1418
338
473
1560
1261
107
218
1995
899
201
1740
1663
1417
311
1590
1989
184
468
268
1801
839
1999
1646
1696
340
1547
90
750
1388
799
657
1538
103
109
1862
318
770
668
835
758
1668
1221
902
1700
1122
1527
1337
1206
1758
1431
1759
1013
1241
1751
394
1586
233
1233
266
1823
1702
1745
1248
1032
1055
1949
1408
1148
106
1553
789
556
664
267
1198
1454
1734
1936
358
1934
1600
1689
1105
1634
1312
1933
899
1625
1524
1884
1003
671
14
1510
716
543
468
774
332
1894
904
1662
1157
1375
1778
1296
1880
1441
409
550
1650
1041
1202
1342
615
453
79
326
587
423
328
1744
288
1522
1766
1058
25
1836
1340
1180
476
1967
1201
1047
454
437
1848
119
1385
1840
1633
1276
1985
324
1880
1755
1188
354
1978
1924
967
1665
1336
1056
1213
347
1733
824
762
497
1209
1621
1430
1740
360
1807
1470
18
1213
1892
1444
688
1567
1336
214
1018
630
627
700
1548
1399
1548
955
1612
1930
1312
950
1119
1901
1006
1557
596
289
818
