1890
354
1266
1837
1009
984
358
1650
1079
1533
1677
1048
473
611
448
389
1757
993
625
1589
593
1790
684
3
1415
1752
1000
1892
1758
1376
221
545
1916
1990
1792
495
599
1933
314
1948
1491
1291
1335
807
1445
1856
985
637
1271
944
1821
556
1748
1230
613
357
835
822
1509
579
1088
1815
1865
1187
453
92
1635
1343
809
1878
1635
490
47
616
494
1962
463
1902
1905
1469
977
1482
1279
122
1573
1964
1622
470
1264
590
576
415
97
1849
645
392
1410
1464
814
1025
74
1447
116
1810
831
743
839
484
1320
817
699
1404
161
1892
1724
5
1448
109
514
328
868
434
847
1275
1173
763
454
484
1222
1037
374
184
1375
468
1251
1621
247
285
550
312
1975
749
378
1579
1802
113
1720
623
1792
1908
125
66
1842
1334
790
1852
1760
1631
1806
1532
37
608
894
1754
812
1073
35
1721
1916
1645
1022
315
1551
1655
900
1760
2000
599
1142
1309
131
500
11
613
574
1744
1336
1191
229
1771
1586
1731
1188
1908
27
714
149
1763
936
1425
1793
572
659
257
1827
1505
1020
1903
1192
456
1642
1379
1683
1155
1632
23
237
98
986
1422
1497
929
134
1806
1958
1231
176
811
1725
29
214
66
1098
1374
1914
1471
1144
225
1142
1963
1573
1256
889
133
1477
677
1840
956
1746
960
1536
1766
1856
583
351
192
1471
387
1794
771
1465
530
1457
383
1708
1270
455
1815
82
442
1302
1864
1851
300
23
663
44
1276
1102
1014
1265
1919
492
915
958
1680
975
1550
819
1460
1060
1332
1070
1352
525
1804
1930
58
1229
526
1684
208
1791
1579
671
488
1831
1997
1582
1678
1328
251
1374
355
1189
89
310
896
107
986
1127
1415
1643
1779
653
1474
1246
1438
1224
1259
1953
1943
388
1367
327
1143
67
1776
734
938
749
573
1481
575
1726
1904
1805
364
1518
636
328
667
1854
32
1547
133
1053
661
872
953
842
944
1142
1240
1492
1412
449
1841
317
631
1007
1412
1822
1183
1150
437
420
793
1976
1727
440
1190
632
1795
1164
1939
519
1404
448
803
1343
1759
101
267
977
1028
409
1337
113
139
449
146
1887
686
1301
1351
1553
1089
1572
1747
1851
1576
1209
1940
801
726
1109
1251
1715
1645
892
1810
1015
86
700
385
1061
1966
1031
524
1979
1036
385
1093
1489
747
165
985
743
1512
1139
834
1770
10
1236
1177
933
1176
766
85
164
171
1858
580
788
818
915
261
551
1788
1521
560
371
630
995
1507
442
1136
68
1257
468
686
1748
1993
1000
1624
191
505
1178
1614
1834
1916
1246
876
649
1359
1642
54
1006
268
234
1840
61
777
157
93
587
1105
1037
1890
1156
684
652
773
1675
1565
618
1623
1836
1512
866
508
541
910
212
659
1460
1878
1390
1142
1442
1738
1091
288
1181
635
669
1349
1547
1170
559
1923
1962
20
1299
1987
1180
1089
1091
908
1152
1594
1251
1348
716
1996
1019
115
822
1469
1426
1895
338
1122
693
126
1702
1339
1528
851
729
795
963
1768
1865
1927
1422
1084
1452
1403
1063
537
895
1715
832
1532
1866
1629
1126
1826
788
489
1995
108
66
1641
1381
1615
795
1467
336
1419
1736
368
1438
1989
1847
1912
927
594
1038
1116
27
115
1788
488
508
312
555
1971
217
1714
1298
892
861
730
615
835
39
823
1170
1153
1578
767
364
228
372
1710
294
43
699
396
1702
1691
1955
1662
1228
300
861
1419
1012
723
170
137
1700
1068
1085
1219
1396
67
590
1530
1565
848
794
1862
666
1869
200
1414
1803
420
1767
11
1657
426
930
110
900
1891
1846
889
1975
848
1642
1673
525
988
1261
1262
1821
526
1502
1596
1073
987
660
305
1685
1948
606
1379
90
344
773
1605
330
270
1757
1654
197
33
1786
1079
666
639
1584
1719
1698
560
866
781
1847
472
1308
1504
178
1785
1645
1798
577
1560
1547
1800
247
425
890
1598
861
1082
1256
716
342
714
1375
120
513
628
750
1895
1831
1244
657
436
1988
740
1964
796
1507
619
1751
1224
1938
195
851
1608
1941
1341
1387
1433
262
1011
309
51
874
130
1912
513
478
243
264
253
64
516
636
1239
1082
791
1505
546
1418
262
471
1788
109
1186
121
856
777
1047
522
618
826
733
1067
894
484
14
1961
1621
263
1439
1139
1597
177
412
1321
1707
1149
901
1136
920
1881
351
1250
1798
149
1272
514
1917
1655
171
1805
1158
844
156
780
1538
713
1936
246
1544
1455
1116
1410
363
1709
457
1162
852
1071
1473
92
528
853
41
858
1256
494
1754
1985
137
419
461
1686
720
1872
579
1740
180
797
1246
259
655
795
176
10
90
1001
318
1493
1989
198
272
1753
512
1649
1912
1748
1512
1117
1532
1947
1057
1728
1634
507
28
954
23
544
1382
1731
1163
1108
1341
1741
1709
1903
1680
1833
255
812
34
1701
1477
941
1722
211
1296
1557
954
181
1153
1155
1689
1348
1756
878
863
1391
11
1004
93
432
731
1725
583
1563
759
180
367
97
2000
837
1743
913
534
1993
35
1853
965
1823
1872
1146
1326
1950
821
65
145
1669
1821
930
1876
611
1405
1113
1523
1778
384
1081
1700
605
653
900
1669
1763
257
1660
485
1332
1007
1780
1595
1384
209
16
327
319
1849
1899
1331
1539
1272
984
1814
761
1162
992
85
775
1165
1705
1414
63
1596
279
402
1529
1644
1340
1382
320
1714
1324
775
1570
574
1388
815
779
57
904
952
1147
1366
1267
1460
1491
1240
505
903
1280
1696
769
1970
270
545
1470
908
301
1635
1285
14
145
1231
1480
604
323
1917
993
1419
1781
1592
826
1875
547
539
745
1571
421
747
922
156
1025
368
980
1339
573
400
141
1158
594
1306
1753
1169
300
1468
1454
1485
1870
1186
1987
95
418
892
1367
1913
1022
1994
1309
631
578
598
805
231
1966
750
758
902
1777
365
1000
1747
1564
1174
1854
163
132
1948
976
1696
726
912
1847
1182
709
391
1537
1292
1872
1991
932
1395
1135
1183
1407
1983
219
1904
1628
1110
109
1068
194
1225
1518
362
1399
1383
110
1634
579
1721
801
1035
543
125
355
686
668
1826
1052
935
1313
828
543
936
332
1957
1308
522
1913
65
1046
1281
1200
156
1310
298
617
1842
638
1892
1867
1434
1762
888
385
1184
608
38
766
1261
1240
1085
1480
214
7
247
351
1854
1702
271
897
1881
1743
304
1094
1966
1711
1723
1334
407
935
1428
219
984
380
1530
1841
1978
143
1025
729
1091
1863
478
237
1828
410
846
30
607
1419
515
1049
1746
1917
1244
1016
1236
1781
928
20
747
637
1543
1144
648
1381
837
1265
96
628
1732
994
1415
1261
893
85
267
1101
1362
91
1146
1520
699
132
1714
1091
1723
1017
307
52
478
54
1474
293
1137
934
1085
1504
110
1431
758
1589
195
1565
574
462
1902
1170
687
963
1655
523
37
1017
346
1366
106
182
415
1103
1086
112
824
449
128
339
1894
745
443
1889
504
439
431
739
1730
1998
1354
622
614
1307
1219
1233
1537
498
1203
1611
1076
1955
497
857
318
652
1529
1709
1330
1448
1416
1562
762
1445
1766
860
1448
1891
560
1844
1061
1480
1024
1601
1976
1889
1724
586
644
1139
761
1016
590
608
1241
1585
1610
1332
1560
1903
785
1631
110
399
17
1181
1106
1493
993
1105
1596
1692
1199
33
533
1387
649
1066
1886
1747
564
163
649
1894
668
944
1751
642
184
1453
1071
1626
1673
602
1624
181
271
1014
195
1935
280
228
1272
126
902
523
476
1472
1788
217
1884
16
1061
1847
776
1127
1840
727
511
383
12
1449
306
1106
876
1662
408
993
712
324
990
640
48
336
1160
367
748
266
345
612
1877
1922
1819
132
1258
1440
1499
1168
1616
745
884
604
106
814
1382
1755
144
1582
1683
646
1935
283
1478
571
1613
1258
656
1218
279
1204
1488
891
233
1706
302
947
1865
1045
21
1510
1488
811
1723
222
742
398
1598
585
1801
1070
876
1209
362
1455
543
1156
1188
1205
787
1676
1513
1195
1349
1929
1259
1156
859
82
948
392
186
1739
1843
1760
1655
1449
1220
733
606
128
1642
115
856
301
299
1939
317
384
1608
245
1318
1776
1287
1188
1069
579
1376
1524
435
853
976
1679
78
261
1197
924
285
528
631
801
650
1717
951
479
523
647
1239
1276
1012
1585
462
1231
620
1379
1750
1379
1770
1931
1291
462
189
1423
1890
1660
661
247
1555
1844
1665
967
661
572
1606
1562
1589
136
488
1690
338
1374
1704
844
440
453
1083
1657
1896
76
98
1350
1296
663
507
1525
140
1203
1396
180
1160
1563
327
1092
1728
1763
630
1716
1255
1794
1060
1227
945
141
654
1317
109
333
1044
757
450
1554
552
1224
372
914
1122
1162
467
1290
781
1650
1489
1461
1346
1736
1054
1898
1071
199
1474
1007
1075
1934
310
716
760
528
415
555
270
987
135
1323
16
38
90
243
1461
1123
1291
227
1526
1492
449
1319
1559
1449
1953
933
1987
584
1401
1333
1736
374
1237
832
316
1057
1730
753
1243
1952
109
1785
30
754
1847
127
1978
1235
1896
723
994
941
892
563
217
651
1390
1303
824
745
352
231
488
1255
1028
1533
541
668
58
5
352
376
1207
1201
775
97
1486
1896
178
1727
1710
302
1925
83
1799
159
1981
594
665
69
449
1551
1212
250
951
1350
598
23
767
422
236
1642
1488
1526
520
1046
1869
920
547
1044
932
1626
1248
1800
547
1305
1477
271
1463
336
342
1187
1698
831
1856
849
760
1479
303
226
1703
1985
1948
741
1056
1214
790
1486
406
409
667
951
1714
265
452
36
1200
1347
1435
1269
1514
764
1497
1285
1824
1035
48
1728
80
1805
1234
1473
1399
578
1437
1288
1524
917
1363
315
1445
1722
1898
1988
1537
991
924
1272
1297
357
396
871
603
1560
614
751
669
73
1169
1979
947
1437
1925
201
1541
302
35
1913
495
1599
1733
1650
1390
413
418
1694
932
1
974
358
1849
2
620
504
1582
1096
449
1140
1471
427
951
39
1396
746
1114
1422
1843
1671
866
1292
1974
1823
526
214
421
1816
1337
556
688
659
1852
1986
444
1776
1904
1677
1303
1169
782
489
1256
615
1509
982
88
1288
1686
1908
1479
1667
1295
819
445
1162
1187
1373
510
269
771
975
217
1176
203
562
1325
706
1771
1704
1273
1238
1600
1298
222
1871
1567
1103
882
1853
909
910
1796
1044
846
372
1608
1539
1464
281
606
1426
659
205
563
724
1247
1816
515
1020
1218
1551
1160
924
1117
419
836
1065
1033
1587
1080
698
899
1073
879
624
290
866
1002
575
417
207
936
633
973
585
1041
1372
1580
1993
1903
754
1128
326
634
1415
919
1263
1438
712
1528
1128
1628
278
92
289
698
25
783
258
919
161
1698
1491
1887
1576
550
1623
871
228
118
73
630
1128
1057
591
1697
1018
899
859
161
751
448
929
1570
1091
828
210
1755
325
1818
1158
1333
446
110
1913
601
1346
1665
1148
91
687
545
620
1677
1458
1282
1280
1473
1626
613
1099
399
1668
1444
1698
1055
485
1703
1480
196
1382
1814
372
518
697
811
1700
137
826
1698
539
1567
369
961
1318
551
20
1566
124
1376
378
530
963
1198
1946
328
1040
1767
241
33
438
1355
626
471
1456
1102
407
716
1001
1524
1862
318
680
71
512
921
538
488
83
1786
1687
1424
1886
1356
1639
833
1349
801
1773
1550
1226
381
545
595
43
1874
1548
1587
1852
900
1292
508
1977
569
1512
1625
157
495
1485
932
1073
441
566
949
1660
199
730
476
1240
658
63
1639
1413
1441
1165
816
1559
58
878
1510
1131
280
897
599
583
886
1485
247
991
117
371
751
1395
1856
1244
1861
789
457
193
1187
841
895
1418
567
1558
1551
1534
1143
857
868
1241
1742
1608
509
796
1511
740
89
1917
869
1319
1777
1631
1677
125
322
653
1474
80
1589
1472
1098
1947
1981
1089
305
832
1053
327
506
773
275
689
541
536
501
1600
498
1460
822
652
1769
220
981
7
1315
371
1043
1502
256
1790
1327
1067
278
514
447
920
1322
1527
1277
1470
1359
1950
508
715
1320
1135
1013
706
843
858
1730
1676
1989
255
406
1181
1188
1162
1096
1010
1364
934
10
1541
969
946
58
371
470
1120
836
1893
1449
1066
417
1178
67
448
1201
374
535
1740
1857
883
1805
1175
696
1062
1060
1572
1172
653
514
1130
60
1556
89
431
353
342
1785
1535
1382
1425
795
1964
1417
82
113
1951
509
1280
1992
1901
1189
948
1479
774
1519
1494
535
1270
763
611
1646
1198
1575
618
1225
1261
248
1990
1878
1527
423
37
1308
1304
1413
1208
1975
1458
1501
643
1491
1105
485
948
933
144
1183
848
577
133
1538
393
443
887
480
1932
1597
272
1236
1174
242
1085
1019
1335
189
178
92
718
777
250
1188
532
1181
1020
1586
742
1131
1034
1228
345
422
851
1916
290
1182
1576
923
1373
986
1436
233
11
1328
1428
1366
825
227
238
1119
91
506
574
712
39
905
1938
1266
798
1790
183
394
1013
299
1206
318
530
731
1302
1500
1267
1394
869
617
999
357
321
667
896
1043
384
180
1072
447
1647
699
96
155
1160
1913
432
1266
348
1324
264
946
864
1483
1501
1989
981
1159
880
1611
1583
1978
1904
549
1911
656
688
992
1132
1230
146
795
852
1443
1587
1479
992
1497
544
651
317
1480
630
945
71
1592
616
129
136
688
1593
631
414
48
1321
323
1307
231
1852
957
22
210
1846
211
270
290
563
1297
1935
1577
1251
1932
1245
1248
834
1083
45
1976
1414
1810
995
699
97
332
1638
990
535
740
32
566
153
336
466
643
1456
1387
1812
317
1221
1486
1721
682
1996
1306
465
154
658
292
568
1871
1787
1309
1164
508
1198
877
1467
1640
765
1740
683
511
1771
797
1636
454
1858
663
1336
457
1757
1536
1778
98
928
1017
908
1672
264
272
90
1762
908
1734
884
1846
402
686
178
1635
463
1678
1407
1639
1446
694
1440
1838
1298
10
1710
904
1743
1597
830
1973
1218
1644
1874
847
1320
1684
1273
1060
220
225
1473
303
722
180
877
1842
129
1887
529
1474
510
1376
538
479
1523
249
171
447
1438
456
290
1702
997
568
601
1347
456
322
696
490
431
1057
1639
1353
306
209
497
1738
1048
1731
293
4
1222
1920
1094
878
25
855
1666
1553
1919
629
192
873
832
1472
1874
840
282
1920
1402
103
1738
1435
729
362
1814
507
1427
1086
1894
1133
382
1201
1700
1513
328
782
1241
185
152
788
678
152
797
1426
1268
489
1044
402
1459
225
1861
1183
175
1426
700
1172
865
101
1717
1266
1634
1378
464
1245
922
1919
693
916
1030
883
465
155
1559
790
1454
855
759
327
832
1541
1143
1353
220
1063
1204
1995
1939
1836
1753
1875
1580
683
269
86
1088
684
204
646
847
1571
820
984
960
1081
870
929
1941
841
716
686
605
1012
362
1884
1811
194
1053
1418
1235
1302
1408
1449
1869
1804
125
460
306
129
1808
194
1371
255
1383
1278
1914
260
1846
1487
1784
830
1400
657
973
1141
1311
655
413
357
604
258
304
1222
42
1963
490
409
869
1065
1241
946
1080
1544
814
925
1924
6
98
830
1628
739
1817
441
1069
820
500
1338
860
1812
768
1715
807
264
332
1552
285
717
1289
119
937
225
330
417
905
1594
586
496
94
167
412
253
476
1569
62
1999
785
1565
919
777
1155
273
31
1600
145
1936
1806
1511
1803
1476
732
58
1182
1191
504
1668
743
270
1492
1293
729
51
157
1523
1386
1293
921
723
471
398
921
612
1384
1625
702
961
1759
253
808
1617
313
387
473
757
919
48
328
1709
1862
1799
1345
663
810
367
489
245
170
603
1744
89
404
60
335
304
753
784
977
1721
35
1428
1070
1441
1131
1582
786
1068
424
624
333
1777
1865
249
1027
882
788
1086
1923
1639
1711
1680
469
1222
299
346
301
897
848
1210
1980
1213
1091
1929
1221
1018
53
25
1645
1075
309
954
124
20
710
1128
1536
579
1899
1573
1840
237
446
831
878
1086
1008
1085
1942
1339
282
523
771
576
1299
1360
1649
817
426
40
1837
143
1235
179
1608
954
719
1113
1226
93
1971
312
516
795
75
1595
1278
1299
1351
1161
1262
1058
483
1864
234
1766
773
1020
1509
1707
1776
1807
197
724
485
862
1254
1623
553
1614
1223
469
1089
1226
801
372
1145
730
1144
347
725
241
1738
746
1535
1411
981
292
1023
1377
1349
650
1577
1171
539
5
1007
1040
345
1343
1543
1645
1257
1566
1048
1120
206
1038
702
1599
1202
58
1789
1130
1470
583
225
114
1544
205
964
165
1175
1123
1865
1303
210
854
1910
637
726
1333
1503
873
502
1452
1964
174
1805
1980
732
1151
751
1347
339
1880
381
317
1775
760
1047
1414
168
1626
1532
1242
1350
1566
237
1532
1645
905
1856
1935
1011
102
1425
1844
210
1687
498
1409
1864
1708
1138
10
1147
1950
1404
191
27
1497
1830
418
1168
260
394
627
1074
1166
994
714
536
1751
44
1824
248
760
621
138
428
1824
1970
706
454
588
1185
132
1226
1761
286
1731
842
569
538
1605
1119
1256
485
1202
514
1419
964
100
587
220
1470
1403
1825
1923
336
1008
1120
588
769
1764
1145
1825
1343
708
451
1013
920
75
303
797
101
1156
1113
1418
1088
1082
1226
215
1623
1743
43
267
1737
197
404
1772
1069
1068
1138
1873
1554
1625
1303
897
752
127
1514
621
1293
1004
128
215
1260
435
1075
782
80
417
1406
1815
1775
846
283
746
625
1362
1363
1989
40
754
917
737
1113
1862
1618
1679
1256
1752
404
606
18
1978
1535
701
723
1172
432
1431
1497
762
114
1184
944
1638
1359
1274
203
1015
963
1412
1460
1253
1676
1280
1547
655
702
160
91
1475
1028
1004
1130
1978
1505
1570
1583
845
836
762
1325
1128
1113
245
574
714
332
1026
1067
1974
40
1804
535
1849
1838
1172
1868
312
1985
854
1645
1781
734
378
1466
77
1129
1866
962
1842
307
315
1427
864
24
330
45
1566
372
692
68
804
118
529
1508
899
1516
286
1711
436
1406
1046
834
1313
1847
653
1606
1642
1181
1161
1665
1766
962
333
253
727
979
1363
33
1063
893
773
171
788
1536
1464
735
742
588
5
281
1833
824
1957
958
1660
97
1657
449
1716
1311
691
609
1997
1684
1189
1007
431
1405
1364
1390
521
683
936
1555
556
1291
803
1676
1542
1425
747
1293
874
1300
1270
1413
937
962
1169
303
1103
1044
1117
420
1868
1677
70
1886
1821
908
1617
776
486
304
162
1201
1823
523
1240
335
1544
607
1797
1856
730
1958
941
587
700
1950
794
1013
1519
992
1321
288
1910
145
646
702
1093
626
175
1107
1652
1730
1495
312
1952
1028
1257
28
1072
1547
87
293
943
1073
478
724
250
1255
1576
1191
1671
455
1261
1159
128
613
1286
770
1691
692
1601
291
887
309
42
1165
1173
1881
1500
359
1408
552
1732
257
1979
1579
1981
100
614
387
606
840
1708
1244
780
1487
1005
188
1917
1998
1922
1110
347
652
338
1483
1472
963
1904
1200
980
1412
1087
986
1697
1303
1651
1254
1823
1279
1813
789
1153
492
1763
4
1418
730
225
538
125
1591
1584
843
849
530
121
1146
109
1007
967
1547
1877
1207
1038
1686
113
1420
1467
1335
326
682
1322
1378
1892
1272
638
1699
316
1518
1665
980
251
193
1192
920
1591
218
1857
1333
932
164
1436
479
996
724
1635
1006
121
243
1079
49
1736
583
761
1612
124
880
114
189
388
1694
1984
1869
1978
1647
109
1394
257
886
1309
960
1178
471
212
143
771
1727
1297
888
1309
577
1371
682
1000
75
1319
537
461
1207
931
438
840
77
66
1513
1664
902
453
1722
612
1275
1522
608
675
220
1459
1313
568
28
1453
200
1041
1786
459
1156
970
1755
1271
1117
1723
466
501
1345
1834
1873
1484
1981
462
1289
834
1607
466
190
947
472
1298
230
1165
119
822
32
138
1280
1128
1953
1515
852
882
1369
366
1482
1657
948
540
323
560
1085
1922
779
1195
77
825
1595
193
1809
532
1996
108
665
886
1222
305
1533
525
102
1110
506
1391
1534
197
1898
1119
70
700
1058
1132
1088
621
821
1031
489
1657
213
1966
1900
1748
697
1690
448
197
570
1297
1442
1405
392
1033
1293
993
314
458
1973
1477
3
623
1428
1671
271
1065
604
598
364
79
155
1725
1286
549
1116
1295
1979
1336
233
736
413
1764
1006
174
997
1554
1594
1883
1541
802
1279
872
1734
208
504
511
848
1542
1130
989
1784
142
1091
202
83
482
1375
214
1913
1346
554
1458
293
1009
1968
281
937
781
175
1737
382
201
862
225
25
1273
775
248
104
633
831
1383
1660
89
343
1109
257
1097
1643
78
1289
1549
999
1263
1159
974
1754
1488
1830
589
690
1470
154
1524
1575
1012
1198
363
1220
357
1676
516
1247
9
348
52
314
418
292
222
1330
1882
509
77
1349
1850
982
605
961
1097
1426
471
1239
1951
1964
40
1022
1445
1387
1132
771
60
1824
1692
1694
1158
1196
690
641
1524
1983
1252
1929
1597
1611
549
1431
1016
1703
1892
1688
1095
1615
1726
1008
1936
681
599
150
1640
546
1328
793
894
599
693
864
1234
576
55
590
224
1110
545
852
1757
213
1321
1665
733
1725
885
933
30
658
54
1187
660
1540
742
260
770
1209
986
680
994
1701
1476
1592
1489
460
487
407
1722
1086
1047
935
877
993
1565
247
1708
829
1205
650
1890
736
1556
1843
192
162
617
1996
278
1186
30
1959
1690
735
1131
251
679
884
999
480
85
1275
956
853
321
962
1766
78
1802
1450
1944
1340
759
1835
1484
1541
440
870
580
162
967
1715
1537
1271
1003
1321
1503
701
649
940
619
1451
198
1808
610
1204
78
1099
1048
1033
90
153
50
303
1778
1785
1344
1403
159
1461
1146
1354
1915
255
1462
1150
520
1494
1731
1586
297
248
1702
862
1105
1313
878
550
1494
1906
1158
108
1026
285
646
951
1174
1789
1814
731
1322
402
1681
583
1493
617
162
1102
566
1611
925
541
1309
140
1612
1324
1385
1491
740
1616
1279
842
692
188
1299
827
58
1959
359
362
354
713
189
482
251
1903
1386
1511
712
1646
1353
59
1168
916
488
1900
962
1337
1795
602
808
965
1644
1094
1735
1516
212
1014
897
1364
985
1110
871
167
1387
1704
942
1540
1196
1468
332
543
1716
138
319
1641
1390
1084
923
1882
179
1097
1822
826
881
1052
1570
1440
1223
1859
1614
1554
1472
1844
1497
1371
697
1705
1148
570
1457
1260
131
695
300
1438
1600
1504
1396
1824
507
1298
1996
1573
1322
1588
1970
1711
1161
1676
1473
150
1879
501
848
1671
765
40
139
1753
90
1991
987
331
1600
585
1269
856
1333
1039
524
509
1863
1109
1715
1809
1872
197
1267
531
577
1621
1781
994
1486
592
302
117
486
1986
116
1931
1197
605
432
956
1079
377
1650
1071
1475
216
891
1221
130
1208
876
1186
1939
641
393
764
1901
1758
1321
1083
616
648
1804
1521
88
862
1625
835
1239
145
1075
1957
1085
1276
1432
1221
415
1537
838
1837
369
1854
74
427
1737
814
326
1006
1906
1947
1358
615
89
2
1744
1935
1656
1055
702
1639
973
855
665
953
1974
1013
235
1406
1611
1388
1696
121
1159
683
914
1425
660
974
816
909
563
513
139
1575
1333
1183
1277
1170
665
617
1990
664
1363
1363
164
172
100
824
1214
927
636
1853
301
14
457
419
824
504
154
1190
1642
1245
1908
1971
1314
689
1760
1254
743
1008
944
865
1958
204
1548
664
681
1042
910
1145
1526
1627
518
1386
241
734
122
1355
1135
1539
1709
1562
488
1074
1802
37
328
1673
78
1033
690
1724
160
953
1121
1511
1326
1099
1805
687
405
93
1094
39
540
517
161
783
1758
182
604
1446
1938
1757
782
1488
1337
795
944
498
1491
398
131
186
238
1960
973
1196
1388
384
227
615
1071
1367
996
1463
1828
1603
1263
1235
986
536
1266
1302
1245
53
1681
939
195
682
1135
433
1075
871
588
1102
1709
863
267
1680
649
1579
1423
254
1952
587
1314
958
1201
1848
1873
1456
1505
5
1142
1942
162
1444
723
1847
846
389
57
1865
1617
296
83
540
881
163
1314
358
1691
336
565
1385
346
1998
1332
384
518
600
1194
936
647
1794
1388
1196
581
911
986
1496
1262
1936
1329
15
467
215
1723
1768
703
1161
1268
1283
948
1506
1545
1306
1668
771
1775
1426
1833
1206
477
1073
1537
386
776
889
58
1754
313
1506
598
1087
1868
246
1195
134
248
198
90
1221
838
1674
1465
1846
1936
1718
1151
862
919
888
1676
1159
577
253
515
1145
1085
1491
661
136
820
1001
1162
1623
1262
931
382
1338
110
1946
1542
1881
1995
832
174
1968
300
1633
81
1523
1104
565
1028
1967
183
1234
575
988
1824
1230
185
1647
1759
242
991
379
1050
1546
400
1943
209
1016
1336
587
1225
937
567
1796
1795
1887
926
1959
877
1278
197
18
228
642
892
158
1748
1549
1564
417
1839
1711
1656
1199
902
205
22
545
1238
228
948
926
1057
136
232
677
1176
501
281
397
723
406
899
948
29
1491
1531
963
1934
821
1104
1555
438
1557
1146
1416
1395
1027
786
171
1200
291
1996
358
90
1985
21
425
1391
1877
726
9
1125
1009
1026
1688
1237
1800
1906
1968
1666
377
106
1192
266
1656
1512
425
536
1150
136
1306
242
151
535
696
118
473
1858
290
1932
1556
1546
80
1384
1157
134
739
944
1652
421
663
100
334
367
1494
686
621
1350
550
1447
1954
206
34
1794
1845
150
1831
810
1396
1347
1348
772
455
248
1893
544
4
1027
1769
594
1773
1718
910
151
215
113
927
1542
1910
1993
948
628
1460
1239
311
292
33
1007
1863
1369
1909
539
229
649
1008
4
1292
481
210
1021
14
879
998
1852
137
1472
1001
1717
1496
1894
1577
1828
1909
340
1624
199
77
986
1920
758
252
1512
896
112
1895
353
805
1299
185
510
1220
695
1189
667
339
1512
602
1394
1511
1599
293
1474
1832
1500
687
1531
705
17
1127
697
1028
1149
1115
731
1050
628
1424
1407
1768
1384
17
396
525
215
1795
1099
1464
1296
1015
738
1750
1202
249
830
361
1012
294
1853
1236
1083
122
1814
786
987
1911
853
231
1212
946
1639
830
1592
663
1934
1090
1967
44
417
825
1048
1859
1236
921
516
265
303
1454
1824
1948
685
4
663
1130
1716
191
897
1572
1851
778
845
65
1805
156
1030
1519
233
166
996
180
1731
681
1922
131
1579
1365
1608
298
744
1837
1317
503
416
454
218
475
1559
1517
805
1303
1761
1752
825
1203
613
1909
1095
1309
1921
1214
1291
719
932
478
309
1897
380
1982
113
893
141
1368
1318
682
1802
637
56
880
1427
354
859
595
1371
1236
1157
1114
228
460
1645
214
105
862
1270
1728
1880
1931
226
987
811
1447
1685
265
322
1733
1112
538
750
638
1173
398
1548
608
950
1212
1628
1107
453
1691
1693
1959
943
349
742
25
1370
1436
1524
356
1583
1373
1691
1524
1798
161
1099
118
622
1369
129
1196
677
986
1174
1261
506
966
152
680
1404
1178
1427
872
1486
1399
1628
67
235
119
170
1709
800
1089
17
1451
762
1288
1324
657
1260
1805
998
396
1916
677
1878
91
1227
1590
1765
1304
1888
1611
588
1541
1025
1190
1503
1010
1005
373
736
1866
1752
1869
641
1709
1731
579
1258
1673
359
1866
1571
1777
670
1302
1214
1376
223
399
133
646
1412
1601
1019
1873
1113
1648
1442
1591
563
665
1864
1616
731
644
1278
1824
1798
1190
552
802
210
610
186
1584
1807
1439
1044
1630
311
165
1532
279
1307
769
789
1584
1308
1816
697
1736
67
1273
24
945
1373
1594
1725
488
1511
1284
25
1343
1042
699
1071
253
1762
917
1627
491
617
1725
560
383
1435
1871
1244
1285
221
371
1770
297
1599
791
1235
1986
1844
772
1810
168
522
1907
1763
1894
1418
664
1175
1978
909
1724
727
1642
680
1145
1731
433
998
1391
1542
710
305
1556
1111
717
461
1735
1182
903
1857
213
736
53
1187
1397
170
26
590
798
262
1934
914
232
141
1710
153
223
1721
1729
1745
420
933
1894
219
1791
1172
793
1711
1071
27
196
1738
1329
1628
1602
661
1839
1824
1375
1555
863
1952
155
103
1245
767
1085
1775
1651
679
372
1873
1540
1455
1497
1632
1816
87
960
923
1713
1840
542
130
253
1706
1716
1526
644
410
1593
1004
961
968
374
174
62
627
1882
878
456
769
78
1960
561
1447
1971
1123
564
338
311
963
483
1775
343
1038
588
365
1342
1848
986
1037
1708
1518
1624
515
338
1388
1424
716
297
1819
705
1899
626
779
1104
1826
1272
536
1157
361
1137
508
214
1182
1876
1521
818
298
997
1905
1251
1628
1772
1820
6
1732
1907
629
951
1342
350
938
1301
568
1780
94
276
1762
716
1716
1938
193
979
586
673
208
906
1664
1587
52
1244
1379
644
523
253
1755
1425
1520
1454
1709
1926
1821
1660
1149
1973
1069
858
132
579
892
195
282
1612
398
1777
1569
1031
457
1019
1309
228
1985
1272
1939
977
926
1251
1901
524
1147
1223
552
691
541
1673
122
1319
638
1285
67
815
1637
961
975
953
1284
414
1237
1739
446
252
959
1048
115
669
1350
846
1673
994
745
1787
760
1457
730
688
1330
968
213
1038
718
107
814
1341
752
234
1910
988
454
1310
1417
322
1921
1730
1783
387
1614
1630
958
590
608
30
720
1795
1852
433
1526
514
1009
1853
1857
318
178
1424
824
1953
1585
434
995
313
1705
1574
995
1264
1816
1887
1676
377
1383
383
832
694
1112
235
1801
823
1275
202
1298
1101
1837
508
18
316
525
1832
1863
958
1436
125
1851
1845
1793
682
1365
409
230
825
671
415
594
805
159
378
1236
1869
677
1371
744
1057
1360
1844
794
1113
333
1483
596
853
1885
1930
1397
639
945
1875
305
829
1333
1568
1583
722
742
280
803
308
1889
926
1864
504
538
1444
1657
1241
582
1981
108
360
1013
399
75
1614
255
823
945
60
346
1143
462
515
677
1530
151
1552
260
488
509
159
153
741
1960
944
1851
164
95
87
1094
1850
1559
61
207
1229
950
741
1825
778
642
297
1817
1637
1499
1985
346
1979
1234
149
14
180
325
1595
875
1365
1896
1722
685
1441
1393
1343
1765
1871
1551
1196
1710
1607
984
1086
1127
1399
1262
1992
290
1634
94
363
377
871
837
1527
7
591
366
1083
1402
1344
812
1880
147
559
1937
740
1383
130
441
1946
22
1043
646
1918
597
433
1832
46
1498
1
184
532
548
961
1442
1897
1812
1949
1901
548
1323
475
1465
335
434
1168
1235
1642
1360
1542
279
1161
1980
1397
883
1464
1263
1325
100
623
292
1686
1856
1585
784
143
1007
1934
296
531
1334
505
179
361
865
931
221
1322
413
934
388
1742
1631
286
1971
1871
1764
1041
1001
1535
278
1360
1461
1990
840
789
976
1747
527
1516
663
1619
1037
1231
1780
1120
778
1961
72
1792
1777
1340
23
1519
1748
1549
1616
439
669
941
663
843
499
355
176
851
21
1477
1386
1730
1046
230
758
1923
1573
1065
1539
866
1639
1139
1560
487
1875
1631
221
1005
762
363
198
832
1234
383
124
1717
1789
478
10
35
1914
676
1761
1695
1480
1712
1496
119
1362
396
404
1700
1516
1639
1216
1746
345
83
393
1595
1590
1402
1097
207
662
395
798
1072
1690
99
565
1866
796
1383
1848
448
1065
222
1154
273
442
1259
1451
10
1197
1335
1717
1845
1173
1837
1473
1166
554
319
734
1078
621
999
527
337
1757
87
1624
1323
399
1746
757
1863
606
1171
1671
1271
367
139
1084
87
671
1705
618
1972
347
785
1143
299
428
63
568
1227
1677
1316
1892
908
1578
1935
324
1689
1719
184
874
569
122
357
331
540
1158
1327
1243
65
1972
527
1027
4
864
1010
433
1219
430
1420
1980
338
840
104
673
1429
917
1437
496
747
391
365
1933
1370
1536
1847
1347
5
738
540
1515
1642
1890
1167
405
679
1288
885
1825
221
1590
1355
541
141
1715
1335
1819
831
722
1271
557
978
660
1286
928
350
102
813
1522
340
472
1926
258
599
684
27
19
1300
39
1293
28
92
1991
385
111
594
113
1716
1236
720
1670
1952
161
1380
1137
982
184
1848
1232
1371
525
879
380
144
82
1211
198
105
1938
1228
1456
639
1558
1315
454
1152
1399
1428
1559
916
849
570
1348
859
223
1412
1043
402
1977
1933
1824
1717
1127
1690
913
542
129
1932
1044
1307
1493
1381
1000
798
35
1399
1509
1822
328
1864
1209
906
1589
1106
1311
1646
284
1014
1182
782
247
1041
1115
271
1109
359
1468
533
1521
1324
1403
1223
112
706
1651
1151
999
1452
1865
1485
1111
400
826
475
726
843
1501
188
1611
879
1973
605
982
56
1094
413
889
1084
1585
1289
1607
432
205
1360
1272
1351
1556
1557
1734
53
1815
35
1607
1938
1119
1211
1111
1035
1937
1736
929
802
1533
772
1929
1669
1716
691
362
572
1347
173
1975
828
1104
1722
336
1529
640
949
499
1080
1074
995
1020
1698
556
1245
539
500
1184
1320
1889
979
1386
166
1574
1069
1577
453
1801
1307
1527
550
309
611
1879
1672
349
1418
1994
739
644
1543
622
1632
1307
1394
580
1765
88
267
1036
879
223
1511
927
968
608
612
1273
600
92
814
113
1271
21
91
870
672
418
1008
231
786
1660
663
623
1104
1735
1752
732
456
1616
1972
683
1409
992
144
1297
13
1962
174
1384
686
1863
1448
1396
1893
1371
838
961
1413
1107
1327
731
1718
766
1307
698
806
101
1863
1576
537
840
434
975
1489
695
1748
1524
954
1577
191
794
1276
45
1373
277
35
11
1817
716
1419
1365
1370
442
1332
1199
329
865
645
1688
1459
235
1789
628
1754
1934
117
648
1559
1723
226
786
618
820
534
1346
1826
1000
1894
424
903
236
342
1755
1717
519
1824
675
1603
250
1171
1109
161
1274
584
1161
1809
1771
976
1464
1099
107
1594
1431
228
841
993
1147
1914
1936
1713
1976
886
867
1482
42
788
1687
269
447
910
215
1267
255
580
1704
381
313
280
331
1254
1851
1046
1512
21
605
1697
1388
1503
843
537
802
521
1725
616
471
1355
613
1435
269
879
1349
1054
1982
1817
1002
1680
1467
513
1608
1558
48
1771
1460
59
85
1064
1528
1509
1220
789
1782
419
145
1137
1037
530
299
1373
1553
639
942
395
682
1879
898
1529
731
122
1908
1447
1692
1869
143
371
1351
335
1383
534
1820
244
418
872
1
797
1635
1486
250
840
835
276
720
1779
382
421
433
1932
248
1671
1669
452
1274
564
1720
931
1629
1794
376
757
1330
1092
845
609
427
1162
272
1162
1081
68
425
1406
435
1732
665
364
352
192
1744
1618
786
1430
332
213
1487
411
624
1834
1677
1516
604
657
1993
1462
1038
1041
596
544
1989
1422
1322
1862
1054
615
336
1633
301
924
1449
1825
1546
941
1334
1724
1381
14
408
1249
535
631
675
1957
775
1415
1057
463
85
1640
575
1775
502
765
1480
24
1533
1592
460
1615
371
185
1453
1515
258
1313
150
1740
756
181
1385
1353
1250
493
1699
65
444
1131
1037
1427
117
1433
66
457
1223
1644
1272
495
490
1077
301
866
604
342
1408
1347
14
1970
1144
874
43
236
1109
1144
1686
1937
1153
805
1215
1138
1971
1431
1185
442
768
916
347
1998
1918
1807
761
82
1542
158
190
152
1125
1276
768
1267
1087
346
832
730
529
369
725
1272
178
947
900
1711
548
1503
462
733
1437
307
1894
711
1277
1803
1741
1939
1995
983
1132
2
64
1963
1054
697
1200
673
535
720
176
169
1284
1443
40
192
1120
1607
135
1406
1361
1559
1037
793
765
12
1242
1447
924
123
1264
689
203
680
935
964
378
1912
797
1057
1731
900
1735
195
1431
777
1241
1648
1943
573
878
1993
140
1484
405
76
467
288
520
1065
216
991
330
241
606
1422
428
698
41
227
955
991
376
1209
1434
260
242
1165
1432
1400
1148
1685
1294
1539
436
1663
951
462
397
1607
860
1554
391
419
1083
1513
826
121
1507
1553
1119
1840
831
1775
1435
1123
1213
336
473
18
1625
970
1235
883
1354
1185
1405
454
937
997
1198
1766
1018
41
1611
1466
489
1326
482
1292
2
286
752
465
1516
245
655
1751
1939
250
1744
45
1456
1339
1169
1995
104
1526
11
595
78
1540
138
1407
1109
143
1609
1946
231
1605
1370
779
395
741
64
1099
790
1477
9
8
640
1862
1594
66
274
96
697
1538
905
1255
929
1131
1370
1551
1046
600
1986
91
774
309
1336
1216
1975
1994
754
921
1570
1330
1889
1940
1516
1178
266
585
925
836
209
139
1519
1947
1092
1783
725
1313
1361
1065
261
485
1013
1454
1124
736
1347
1813
348
654
29
1790
1868
1049
449
1620
1308
1217
1443
1367
732
1801
851
929
680
587
1483
843
1514
427
120
1192
316
152
866
1615
183
1007
457
1126
462
106
126
553
144
1254
1467
714
1854
962
896
1331
282
483
1307
231
455
484
1011
310
1139
763
817
335
1166
119
716
608
517
1461
1855
1432
96
338
9
238
116
779
1745
1531
1829
1728
1860
1346
348
1287
573
1343
465
492
511
541
1189
54
1954
642
1503
1029
1863
1701
161
1448
330
1600
678
747
1523
2000
474
461
105
9
742
1759
1268
1303
470
233
1533
703
1225
1990
1268
1748
1877
1408
1438
1941
1620
247
1289
1651
15
1802
1421
1233
69
472
1232
916
520
1840
1558
346
1780
884
1876
918
1628
1452
1135
1689
500
1495
486
1886
1701
1756
473
380
704
1919
692
1038
1058
576
604
1934
944
1901
1860
1773
1152
1511
188
1344
835
738
103
1653
1539
437
920
1619
52
1218
809
1471
1386
1808
247
779
40
1043
173
281
1248
445
555
557
1180
1278
1410
128
903
1079
1871
577
456
829
226
37
1228
1288
1834
1760
480
587
656
668
488
1454
1612
1110
287
1703
455
1384
1291
311
798
1440
1132
1648
1167
768
1105
1940
772
1455
1030
1353
1577
829
958
1193
571
195
682
310
719
9
499
1035
1789
561
1257
1549
1159
768
920
1632
1193
1821
564
790
1263
850
1282
1314
1549
1520
1250
795
1151
31
1996
1596
1614
1938
1766
456
332
217
991
411
300
1024
1531
1755
449
1013
1468
845
401
695
825
900
1717
569
717
629
1232
1046
1455
1798
1465
1279
1274
1668
567
1536
888
260
233
1776
1424
833
1119
1351
920
372
360
1210
1865
34
1832
737
1262
1503
1270
1082
1560
1984
208
55
1442
1598
171
1042
1899
1174
251
1280
1525
1230
154
1715
105
1794
377
1850
1717
348
1521
708
1780
274
1988
977
760
1514
405
201
566
1672
1825
453
429
952
440
1291
661
806
316
744
144
1754
565
1910
832
98
1950
253
437
248
368
1926
529
419
872
42
1642
185
1687
1577
138
1185
1815
470
679
454
1125
1695
570
632
1040
1787
1086
653
1932
1068
311
21
130
1348
1997
907
456
1620
771
775
552
1696
1752
1200
992
366
1194
1871
918
573
449
1359
854
1874
1455
1296
1225
1485
1362
1754
387
1178
212
511
522
1716
1904
809
1454
1588
448
1763
985
1895
1607
1652
1828
605
1784
373
1795
142
945
1652
1662
359
1352
1105
749
418
1553
950
1264
1747
1417
195
152
15
306
455
1749
152
91
1467
797
947
1722
1464
70
378
729
1129
1024
700
1323
1355
98
658
1833
688
991
1806
30
275
85
1692
1243
598
1682
506
519
1672
35
1332
615
978
634
1080
1958
1104
843
920
1121
1405
1395
829
34
1894
1158
40
1430
1185
483
1077
925
823
726
73
1694
1868
1179
810
357
640
1578
333
1898
1005
643
169
1390
689
182
1163
1188
118
799
228
810
108
157
125
163
1544
334
43
1075
1733
921
236
326
1897
823
1377
1693
1027
862
1174
182
256
508
524
311
1725
1180
1400
1622
1767
376
293
760
798
732
1364
996
872
1810
564
1651
1906
208
1644
855
64
586
1444
1781
1542
1044
532
32
623
1641
1828
531
1546
449
19
1915
1798
1010
1364
1103
34
662
514
1213
1078
1813
1060
1234
1904
1951
1563
373
375
840
568
1632
668
16
1594
188
30
30
438
1689
140
952
1727
1271
1557
1794
245
1780
1003
641
1402
1201
678
1098
975
867
469
619
1389
1364
864
1350
879
1539
745
566
605
542
896
655
596
91
261
327
1553
414
905
1306
60
1641
957
1102
1281
326
1132
1797
921
1738
389
72
1543
567
1936
838
815
273
1937
1161
1073
906
1322
1505
595
621
1243
159
1260
1027
1013
864
253
1573
605
1764
826
1854
348
874
534
1420
1458
762
1229
1940
1194
718
1082
1647
1913
1406
1481
196
1664
455
151
371
1842
759
1557
1500
1055
1063
1740
1898
1998
757
1834
511
585
45
1418
508
1506
1108
882
1629
500
673
1750
1696
1636
360
906
1280
646
452
596
1202
1132
529
1888
1723
1193
627
573
1788
1332
1878
804
1195
840
227
1225
639
1672
507
186
1991
1648
1347
757
1112
1574
829
1191
1666
1216
1919
302
1917
927
593
15
1125
56
1624
868
1887
964
139
813
327
557
1150
807
1256
1529
739
555
1751
1443
1481
253
1228
852
1918
1860
205
529
393
441
1017
1758
269
1081
1998
272
635
357
696
208
23
1737
1063
172
1396
633
1883
1623
543
1990
1535
97
1093
1872
671
1281
514
518
567
1438
455
794
825
733
1079
1264
299
725
1566
1796
427
1006
46
58
1263
56
56
1569
669
1752
708
1585
1684
909
637
676
1334
1281
1371
1169
1794
1883
190
1907
1378
1089
435
1512
1262
282
439
533
10
610
1430
679
1203
279
1406
1156
785
304
1269
1360
378
1629
83
620
1012
329
478
968
580
476
976
1065
1911
781
1399
1174
27
485
281
1452
60
542
1777
1954
391
891
1914
1319
284
1201
519
1014
1205
851
221
556
653
347
1038
1008
1663
708
67
1185
124
1477
1509
1694
1672
408
1400
78
626
584
1588
1791
1310
1384
961
1084
1569
401
1182
968
1640
692
1166
711
38
1277
1664
1180
904
408
1898
1885
86
1069
641
1731
120
1303
952
477
1138
1731
1762
628
270
1492
1429
1688
1733
579
638
906
969
1443
1450
531
1602
883
600
369
595
1228
1129
898
632
1050
1585
713
1407
136
1053
14
800
1956
1584
50
697
1281
124
576
283
1947
538
14
1115
1910
1382
1219
805
495
1098
1075
1204
676
884
469
759
1167
807
389
656
1117
315
1622
1390
925
1362
767
1781
709
649
710
1607
1150
1894
379
209
1487
1204
475
292
183
1529
1013
895
532
1552
216
438
1664
423
347
225
379
1447
1975
1827
708
939
815
1684
1873
1280
208
126
1823
264
1715
129
1699
714
47
1427
